0000
:14 00 00 00 14 00 00 00 00 00 00 00 00 00 7f 00 
:00 00 00 00 00 00 00 00 1f 00 00 00 00 00 00 00 
:00 00 00 00 00 00 00 00 00 00 00 00 00 00 00 00 
:00 00 00 00 00 00 00 00 24 31 00 0e 08 16 30 00 
:15 2e 00 06 16 2e 00 3e 60 00 15 2f 00 06 16 2f 
:00 3e 67 00 15 31 00 06 0f 80 16 31 00 14 6e 00 
:15 2f 00 06 16 2f 00 15 31 00 06 16 31 00 27 30 
:00 3a 40 00 39 24 31 00 0e 08 16 30 00 15 2e 00 
:06 16 2e 00 3f 9b 00 15 2f 00 06 16 2f 00 3f a2 
:00 15 31 00 06 16 31 00 14 ab 00 15 2f 00 06 16 
:2f 00 15 31 00 06 0f 80 16 31 00 27 30 00 3a 7d 
:00 39 24 31 00 0e 08 16 30 00 15 2e 00 06 16 2e 
:00 3f d1 00 15 2f 00 06 16 2f 00 3f e5 00 14 db 
:00 15 2f 00 06 16 2f 00 3e e5 00 15 31 00 06 16 
:31 00 14 ee 00 15 31 00 06 0f 80 16 31 00 27 30 
:00 3a ba 00 39 2f 32 00 15 31 00 1e 32 00 2f 32 
:00 15 30 00 1e 32 00 2f 32 00 15 2f 00 1e 32 00 
:2f 32 00 15 2e 00 1e 32 00 1d 2a 00 16 2c 00 2e 
:2a 00 1d 2a 00 16 2d 00 2e 2a 00 1d 2c 00 16 2e 
:00 2e 2c 00 1d 2c 00 16 2f 00 2e 2c 00 1c 2e 00 
:83 4c 49 d4 00 00 48 01 38 00 00 38 00 00 14 19 
:01 87 45 58 45 43 55 54 c5 40 01 5d 01 1d 32 00 
:16 2c 00 2e 32 00 1d 32 00 16 2d 00 2e 32 00 14 
:2b 01 86 42 52 41 4e 43 c8 51 01 7d 01 38 00 00 
:14 19 01 87 30 42 52 41 4e 43 c8 72 01 8f 01 1d 
:32 00 06 3a a9 01 2e 32 00 1d 32 00 06 3a ac 01 
:2e 32 00 38 00 00 14 19 01 2e 32 00 2e 2a 00 2e 
:2a 00 14 19 01 
